0.27115182126938636
0.30400671348158936
7.135845083245589
14.018747080664697
14.032601553284302
14.059518814373817
14.066248129646198
14.244772905401662
14.262585798769722
15.460403917253174
15.45684133857956
15.459612233103481
15.469508284974626
15.474654231947621
15.490883757016302
15.49484217776476
15.480591863070309
16.324527166641598
24.17209630045997
31.71051277382376
39.634479428087374
47.944787947400506
50.86293572316388
51.01691829027891
51.04264802514389
51.16812996287001
51.87827064514341
51.866395382898034
52.24165366985187
55.91071386159777
56.26301330821055
56.608583439550955
57.787796980516646
57.78344271769335
57.78581777014242
57.786213612217274
57.78740113844181
58.5778977619089
62.816970541432795
67.71314116520072
72.42524522416537
73.63770949941811
73.63295939451996
73.64641802506472
73.65908497145979
73.77862927806322
73.95240394892055
74.21682645491755
75.48352109442416
77.0613476047596
78.71359242516606
78.71438410931574
78.77811468336593
78.79909431333274
78.80226104993152
79.91418143817343
79.93595275228995
80.52694497003475
80.90220325698859
81.98483133169191
82.99066604387514
83.63272188927505
83.64340962529589
83.64301378322104
83.64222209907135
83.65132646679281
83.64340962529589
83.699619199924
84.9591886820834
85.06646188436662
85.20500661056265
85.50347153499641
85.52722205948714
85.98837807668252
85.971752709539
86.3078226310831
86.2749677388709
86.29673905298742
86.28605131696658
86.28367626451751
86.2844679486672
86.28486379074205
86.29357231638866
86.28803052734081
86.28961389564019
86.37749083625596
86.34780268064253
86.59559981949602
86.7147482840246
86.68981023330932
86.7863956995717
86.78679154164655
86.98867099981791
86.99065021019214
86.97719157964738
86.99144189434183
86.98787931566822
87.02706768107795
87.03221362805095
87.03102610182641
