0.27115182126938636
1.7290381829265395
6.403537244780823
10.565816661784615
12.109204911608465
16.77974555271429
23.090259909906344
26.984950084314363
28.691029426899846
33.975521126091536
35.20263155811357
35.66339173323411
35.815395089974906
37.129194936388174
39.58064490590834
39.64358379580882
41.8860291498104
45.3417304632144
50.839976882822825
54.66816558865675
56.32278546151227
61.341271286407576
61.54275490250409
62.89970153507557
63.0521007338912
63.08535146817825
63.174415935018565
63.41350454822544
63.41706712689905
64.24516874747651
65.48177938929484
65.7216596866514
65.83605804628185
65.94570630101416
67.40992613586883
67.69928669258113
71.64820723124302
72.11055077466294
72.4695795365481
72.86858834799268
73.98169626245912
74.93013387378971
74.92657129511609
74.91905029569403
75.67194192205078
75.85046669780624
76.5594198538551
76.55862816970541
76.56179490630419
76.5499196440588
76.75575752297863
76.74546562903264
76.79534173046322
76.81671720250489
77.62661008763943
77.78455107550292
77.776634234006
77.81503091526605
78.6482784828165
78.77178121016838
79.18504033630742
80.29102309342665
80.29735656662417
80.29814825077388
80.30131498737263
80.47825639482872
80.59700901728246
80.86816083855184
81.05856087655269
81.05658166617846
81.12031224022864
81.12664571342617
81.24302328343084
81.34277548629198
81.9812687530183
82.49150918749456
82.47488382035102
82.47013371545289
82.48398818807249
82.53307260535337
82.52475992178161
82.52238486933253
82.53544765780244
82.64588759668443
82.63559570273844
82.71159738110883
82.7147641177076
82.76424437706332
82.77018200818601
82.8236206882902
82.8236206882902
82.7994743217246
82.79789095342522
82.80580779492213
82.96810304560893
82.94831094186664
82.9696864139083
82.94791509979179
83.2539010236476
83.35127817405967
