0.27115182126938636
0.300444134807977
3.174257598188627
6.742378060848845
9.318518283945437
11.934242714526611
16.911560963637946
18.586368782310608
23.357057468352426
28.2215607261327
31.029664405088948
34.28348626032158
37.76412562444087
40.98390506123677
45.33539699001686
48.7594309374332
53.989692272371016
58.01105191072969
61.613610633901494
62.87120090568666
63.502569015065745
63.53304885482888
64.03537244780823
64.2708984823415
64.68534513470506
64.95768448219899
65.27871240489894
65.51542596565673
65.79132789182428
66.8023085509805
66.85178881033623
66.93293643567962
67.02793853364261
66.99943790425372
68.53332594428126
68.7720187154133
68.8385201839874
69.48334692391124
70.22792586669622
70.72114509195411
71.18705121404764
71.24207326245121
71.28126162786094
72.03059067554408
73.2850142107305
73.29491026260163
73.32420257614022
73.34280715365797
73.35824499457696
73.42870488389951
73.65512655071133
73.85819353510723
73.84790164116124
73.86729790282868
73.89263179561883
74.10203225321226
74.25759818862666
74.25126471542913
74.26551503012358
74.34191255056882
74.92775882134065
74.93527982076272
75.33824705295575
75.45027036013711
75.44433272901443
75.47441672670271
75.5745647716387
75.57852319238717
75.62364918891959
75.68579639467038
75.66719181715263
75.70083839351453
75.7653606517144
75.91459311393126
75.90073864131166
76.19326593462273
76.16911956805713
76.18534909312581
76.21187051214048
76.28747634843603
76.26016324527166
76.32626887177092
76.36308218473158
76.32468550347153
76.36981150000396
76.39554123486893
76.42918781123083
76.47945975473624
76.4695637028651
76.52141901466992
76.50637701582576
76.5748576947741
76.94259498230586
76.99128355751189
76.98732513676345
77.00395050390696
77.02295092349955
77.07243118285528
77.04472223761609
77.08470228717552
