0.27115182126938636
0.300444134807977
0.2921314512362148
2.221465724034739
3.1805910713861594
3.1837578079849265
3.186528702508847
3.1738617561137805
3.206320806251138
3.184549492134618
3.205133280026601
3.1782160189370847
3.1813827555358514
3.160798967643869
3.1849453342094636
3.180986913461006
3.1604031255690233
3.1750492823383185
3.1869245445836927
3.186528702508847
3.160007283494177
3.168319967065939
3.18336196591008
3.184549492134618
3.1916746494818424
3.160007283494177
3.167528282916248
3.1786118610119303
3.186528702508847
3.1825702817603894
3.1928621757063804
3.2162168581222836
3.160007283494177
3.1726742298892434
3.1813827555358514
3.187320386658539
3.182966123835235
3.186528702508847
3.2035499117272175
3.1604031255690233
3.163174020092944
3.1706950195150143
3.1786118610119303
3.1849453342094636
3.18534117628431
3.1817785976106974
3.186132860434001
3.1987998068290677
3.219779436795896
3.1615906517935604
3.1647573883923275
3.173070071964089
3.1786118610119303
3.1849453342094636
3.186528702508847
3.186528702508847
3.1813827555358514
3.1857370183591556
3.1968205964548386
3.209091700775059
3.160007283494177
3.160798967643869
3.1655490725420186
3.1699033353653228
3.1770284927125476
3.180195229311314
3.1857370183591556
3.1849453342094636
3.186528702508847
3.18336196591008
3.182966123835235
3.1900912811824598
3.1995914909787593
3.209883384924751
3.160798967643869
3.1592155993444857
3.161194809718715
3.16634075669171
3.17109086158986
3.175445124413164
3.1794035451616223
3.18336196591008
3.1857370183591556
3.1857370183591556
3.186132860434001
3.18336196591008
3.180195229311314
3.18534117628431
3.1928621757063804
3.1991956489039133
3.209091700775059
3.161194809718715
3.1596114414193313
3.1627781780180975
3.1635698621677895
3.165153230467173
3.17109086158986
3.1726742298892434
3.177424334787393
3.182174439685543
