0.27115182126938636
0.30400671348158936
0.2949023457601356
3.358720005066779
4.350700244630403
4.3724715587469225
6.282805411952848
6.280826201578618
7.512686738498808
12.605195031390275
15.563718698787932
20.027233934749393
20.60199662742552
22.365077228788802
26.27876782278942
31.055394139953922
32.7199100646806
32.9514776784654
33.04489640812901
34.09150285402136
38.098612177685595
39.312659821237716
42.902551598014455
46.13935224402872
49.75932801849374
53.19840396475423
56.802941898300254
60.2020377950013
61.147704511807966
61.14374609105951
61.18926792966678
61.193226350415244
61.86022024653044
63.93166182419861
64.31364942642483
64.54442535605995
64.5543214079311
65.03487368679392
65.04279052829082
65.41884049939436
65.69592995178644
65.99004061339689
66.46900952396032
66.56678251644725
66.57667856831839
66.75599502822354
67.18350446905703
67.19775478375148
67.32561177392668
67.80141394789135
68.15806765732744
68.57884778288854
68.99725285600057
69.5193685527222
69.94054452035816
70.22871755084591
70.24969718081275
70.63405983548805
71.034652015232
71.02950606825901
71.03583954145654
71.12213311377293
71.2428649466009
71.27571983881312
71.27532399673827
71.34657557021052
71.3430129915369
71.3620134111295
71.35924251660558
71.37309698922519
71.37309698922519
71.42059803820668
71.46255729814034
71.93717194588048
72.0246530444214
72.06107051530721
72.2518663953829
72.31678449565761
72.38684854290533
72.51510137515537
72.63424983968396
72.63306231345942
72.63860410250726
73.11044785572348
73.18565784994419
73.17615764014789
73.4595805657375
73.51618598244045
73.53756145448212
73.56447871557164
73.576353977817
73.99673826130328
73.98684220943213
75.2159318518284
75.31924663336315
75.40395683738016
75.42889488809544
75.42889488809544
75.50925082928914
75.51004251343883
